37  36  35  34  33  32 31
38  17  16  15  14  13 30
39  18   5   4   3  12 29
40  19   6   1   2  11 28
41  20   7   8   9  10 27
42  21  22  23  24  25 26
43  44  45  46  47  48 49



e1z3r4p13% echo '571 * 571' | bc
326041
e1z3r4p13% echo '571 * 571 - 325489' | bc
552
e1z3r4p13%


3
0,1,2

5
0,1,2,3,4

571
0,1,..570

  0,0        0,570
            18,570

  

570,0      570,570







147  142  133  122   59
304    5    4    2   57
330   10    1    1   54   c
351   11   23   25   26   b = prev, bottom left, left, top left
362  747  806    x    y   a = prev, top left
